1000
6.190254 4.213810 3.123792
3.355724 4.138206 1.784435
5.566456 4.462846 3.752454
4.416925 7.259778 1.937914
5.964397 4.744673 3.037961
4.299420 5.016440 5.017045
4.556212 7.195737 3.177538
4.376880 6.739408 3.267475
6.323752 6.415628 3.036423
4.599844 4.905112 3.054374
3.638766 5.211238 3.194796
4.727807 3.877258 4.917059
4.466682 4.951603 1.992517
3.608632 3.189114 4.511107
5.287230 5.495236 3.416645
3.706721 4.599783 2.384805
2.218921 3.982399 1.929450
4.561177 6.999284 2.703855
2.562484 4.900276 4.953737
3.913054 5.455282 2.804222
4.083514 4.812054 2.871704
4.671746 6.051995 3.627888
4.767944 6.397926 3.532003
4.240500 6.131330 4.563258
5.777756 4.304229 3.450624
4.046411 4.582062 1.874199
5.785520 5.501955 1.687542
6.143234 5.419283 2.994374
4.467141 5.567091 2.723203
6.306398 5.157274 3.254763
5.912385 6.119532 1.767396
5.106148 4.887803 2.560703
6.649871 5.232871 3.079962
4.325417 6.037162 1.500616
2.803681 5.656831 1.242247
3.775418 4.572461 3.056779
4.203100 6.057405 0.958220
4.613105 4.462963 2.861840
5.608630 3.637009 4.433680
4.438167 6.316653 3.545082
4.779705 4.290563 1.747990
6.209303 4.159312 2.941971
3.051095 3.963082 3.368626
4.364120 6.327191 2.854197
4.308582 2.704547 2.906336
7.038410 4.882382 3.018320
5.714946 4.945745 2.342800
4.479981 6.014358 2.512238
4.850407 5.841798 2.763300
4.439286 4.455629 3.978656
4.469174 5.999780 3.411337
5.620595 6.137890 4.482910
2.537010 4.492081 2.898283
6.650551 6.548918 2.677785
3.357139 3.240213 5.194531
5.400619 5.118696 1.337328
4.810763 3.816910 2.425054
4.434708 2.995746 4.537037
4.197363 2.765032 2.706482
5.104912 4.962487 2.479201
4.434035 4.357052 1.533992
5.816699 4.437001 2.675700
4.124715 7.423595 3.693193
4.854670 4.541962 1.630709
3.026112 4.952660 3.646134
5.798946 5.164835 0.771954
5.396168 6.245442 3.094409
3.725458 5.273963 3.500561
3.635374 4.503829 3.235958
5.020894 3.954142 3.323112
5.106258 4.676320 4.160039
6.014948 5.565989 2.106007
4.585774 5.216832 1.571783
4.446552 5.428380 3.376289
6.724021 5.293182 3.571251
6.148578 5.974112 2.333011
4.602614 5.495553 2.018665
5.569768 5.048182 4.014313
3.534997 7.325488 4.263491
4.990522 6.068738 4.171587
5.580687 4.185466 4.824635
6.959804 5.745125 4.358919
3.956026 5.204683 3.410456
3.868944 6.220068 2.172634
5.382432 5.164171 4.419292
5.933361 3.113162 2.709280
3.703446 5.626638 2.813039
4.167812 5.789377 2.789414
5.196929 5.415863 4.490434
6.073228 5.746204 3.172801
6.101325 5.587622 3.244343
4.496816 5.122027 3.910037
4.414373 6.423229 2.414760
3.357831 5.237416 3.390979
5.086581 4.427557 3.355737
5.643403 6.205769 3.122795
3.007491 5.264106 3.484135
5.458825 5.478159 1.638460
4.412110 5.235374 2.792269
2.370013 7.534924 3.829875
2.472396 -0.708380 1.483227
6.230056 -0.157551 4.074189
4.552449 0.236686 1.071529
5.444148 -1.832556 0.218600
4.345178 -0.821770 2.248739
4.742861 0.637487 3.325132
4.979093 -2.536803 2.895773
2.951884 -3.336349 2.288951
4.373455 -2.793826 3.699467
2.514072 -1.029100 3.817964
6.656447 -0.498360 2.259574
2.663750 0.709814 2.220670
4.417377 0.293634 3.630965
4.464681 -1.420478 1.767920
3.670520 -1.601058 1.446191
4.382727 -1.185562 2.643620
4.284798 -0.596087 2.667030
6.319499 -2.760393 2.266379
2.483110 -0.180210 2.593191
3.909873 -0.576026 1.442677
2.494823 0.973125 1.556246
4.011242 0.115991 -0.028476
5.263630 -0.847312 3.342129
4.228157 -4.072100 2.681327
2.934930 -0.777951 3.270505
3.328982 -1.223868 3.623304
4.877895 -1.545870 0.951635
3.955257 -1.111012 2.524859
3.163123 -1.299010 3.525620
3.984537 -0.772886 3.472176
3.905401 -2.887840 2.705558
4.048976 -0.664324 1.918133
3.181336 -1.166284 2.556624
3.069740 -0.629195 0.921455
3.060047 0.293345 3.073775
3.868031 0.581113 2.878123
3.178170 -1.315922 2.133859
5.005389 -0.268898 1.253345
4.979478 -1.912767 2.961147
3.868661 -1.749497 2.289527
3.322273 -0.797734 1.543368
2.698208 0.122633 3.815450
5.185023 -1.583967 2.661531
2.760139 -0.399578 2.303280
5.190226 -1.607749 2.332883
3.697269 -1.051568 4.430009
6.353171 -0.617954 3.895430
6.050457 -1.852073 3.666157
4.780728 -1.073716 1.395131
0.152239 -2.077097 2.356804
4.056777 -1.508879 3.501417
4.109805 -0.744720 4.583245
3.609204 -0.971934 2.189060
2.121948 -0.856203 1.312488
3.616843 -1.460123 2.247076
5.625586 -1.644267 3.447386
4.918658 0.710983 3.861410
5.054689 -1.334454 1.514244
3.909733 -1.458252 2.400897
4.757334 -2.593727 3.338457
4.316185 -1.522766 3.058028
3.512075 -2.739502 4.625344
3.510847 -1.319270 2.033193
3.854360 -0.450027 2.411534
4.506467 -1.501767 1.100100
1.296094 -1.665590 1.861303
3.416183 -1.243185 2.121582
5.720198 -0.511679 2.504872
4.429028 -1.081622 2.762722
3.364318 -1.977044 2.989773
1.807219 -0.133282 1.837396
5.216132 -1.688268 3.824261
4.149004 1.131945 1.812768
4.778762 -0.509039 2.367809
6.532582 0.223779 2.593786
3.721761 0.231382 2.577271
2.852070 -2.077342 2.020040
4.550464 0.063383 1.986589
2.178640 -0.734845 2.037647
4.353096 -0.383668 2.400629
5.664641 -2.744713 2.705612
2.505957 -3.305396 3.122554
4.421557 0.066358 1.735529
4.985777 -1.818588 1.801805
4.023586 -2.210752 1.039367
4.149991 -3.432568 0.760956
2.675786 0.560057 1.333170
4.819221 -0.907336 3.679918
5.806150 0.777286 2.271281
4.361792 -2.100681 2.014881
4.872567 -0.965985 2.517325
3.175718 -0.756178 1.244437
2.623062 -0.944755 4.153174
3.453850 -0.968855 3.043074
4.670806 -0.867178 4.331170
3.887181 -0.791423 2.456427
3.191777 -2.080295 2.815522
4.894570 -0.916251 2.610238
4.084908 0.166169 1.746111
2.120999 -1.019113 2.318819
7.411843 1.313566 -3.504666
9.383242 1.207090 0.120198
8.697925 -1.400775 -3.176232
9.121980 -0.713235 -2.682915
9.170821 0.765273 -3.751580
7.788448 1.584400 -3.999592
9.257408 0.261435 -3.117811
10.200959 1.720425 -3.866124
9.222690 -0.857331 -2.126997
9.225636 2.181891 -3.012373
10.345568 0.292299 -2.932507
12.666540 1.854362 -2.984997
8.340199 0.292780 -2.429780
7.914452 2.053610 -3.281164
10.104460 -1.770381 -2.604934
9.099200 2.461862 -2.660336
11.077376 0.253819 -3.398789
8.853879 1.534323 -2.186307
9.815033 2.466423 -1.809441
8.046765 0.719589 -2.003610
9.930187 1.382672 -3.295302
9.934912 1.519611 -2.036999
11.583814 0.817960 -1.536192
9.137850 0.413876 -3.297228
10.163682 0.169718 -2.112472
9.119943 0.791724 -1.950059
7.698522 0.858548 -1.439671
8.936873 1.933181 -4.131561
10.399758 2.642445 -0.465263
10.046924 1.347601 -1.650866
8.810742 1.699142 -1.263424
9.662753 0.453322 -2.566066
8.486159 0.716413 -2.486275
8.823747 2.893965 -1.485287
8.363336 1.217879 -3.222912
10.136337 0.212011 -4.397165
8.914763 -0.020610 -1.836029
11.309758 0.019811 -2.873187
9.198172 1.730804 -2.672901
8.263646 0.716259 -3.673128
10.794634 -1.788386 -4.836122
9.482224 0.528064 -0.558534
9.119099 0.930352 -3.388650
8.464584 0.936357 -2.783825
9.359027 0.032266 -4.801313
9.603234 0.286498 -3.779674
9.155677 -0.345379 -1.553053
10.430745 0.255972 -3.693545
9.157749 0.421471 -1.866236
8.815563 1.828832 -2.068246
9.958651 0.222008 -5.161576
10.489894 0.717756 -4.372332
9.824892 0.398046 -4.081171
8.517000 0.365946 -1.717331
8.649788 -1.096502 -3.574779
8.349974 -0.447860 -4.008945
10.515504 1.030414 -3.239676
8.353513 1.747389 -2.296984
10.119976 0.054169 -3.231713
8.641580 0.028982 -2.338173
9.306118 1.232094 -3.582421
9.798137 -0.024519 -2.692214
9.349498 -0.716019 -2.585061
8.555814 -1.333649 -1.602671
8.473789 -1.541684 -3.247863
10.477225 -0.470994 -4.546725
10.713318 0.363882 -4.348998
10.366040 -0.113821 -3.054462
8.405783 1.004503 -3.024810
10.777351 -0.419822 -1.470620
8.647406 0.203778 -3.805221
10.164936 0.599754 -1.794588
9.916089 2.152218 -1.863960
10.943808 -0.547108 -2.260557
8.104261 0.585927 -2.664285
9.239982 -0.657223 -2.714635
10.405103 2.087953 -0.003056
9.536215 -1.149598 -2.816825
8.347519 -0.454268 -0.630497
10.019379 0.275275 -2.494639
9.635392 -1.005187 -2.481891
10.200752 -0.826658 -2.805809
9.741021 0.017664 -4.272277
11.084784 1.221705 -3.102433
9.298922 0.164243 -3.548546
8.282910 2.099860 -2.419383
9.096645 -0.799417 -0.344252
10.203258 -1.691371 -3.068179
9.683266 1.211179 -1.750938
12.240363 -0.519444 -1.444440
8.757429 0.487518 -5.076870
8.707815 -0.091194 -2.974081
8.470729 -1.966619 -3.968860
9.831483 1.614577 -3.316951
9.837609 1.221160 -2.778960
9.959020 0.046801 -4.802959
10.633805 -1.297587 -2.878805
9.097603 0.900581 -2.199558
8.965968 0.081158 -3.438893
9.663320 2.165196 -3.659977
-4.854646 -6.180015 -2.416718
-5.255720 -5.903974 -3.361225
-3.105571 -6.061302 -1.553246
-5.184319 -4.564387 -1.419213
-2.856382 -6.373997 -1.273473
-4.140014 -6.761979 -1.145534
-4.411158 -4.140111 -1.440669
-4.609335 -5.913613 -2.280810
-5.398990 -5.084551 -3.545087
-3.513974 -6.407510 -3.208235
-5.395485 -6.519574 -1.318201
-4.927420 -5.764763 -2.938087
-5.149125 -5.974348 -3.063474
-4.879121 -5.071221 -0.692429
-4.184982 -4.749557 -2.796177
-4.323185 -4.513747 -2.007839
-2.637794 -4.614503 -2.732096
-4.186447 -4.901350 -0.433065
-4.142791 -6.721187 -2.118062
-3.429507 -5.940713 -2.232806
-5.108952 -7.220318 -0.799872
-4.993945 -7.160811 -0.551664
-6.319528 -7.939469 -3.378697
-4.343726 -4.175438 -2.969909
-4.425749 -3.868348 -3.656590
-3.866175 -4.060363 -2.014453
-5.041018 -6.172736 -0.933345
-5.418426 -4.514546 -0.874653
-4.876865 -3.492834 -2.986421
-3.647860 -4.440203 -1.932278
-2.806117 -5.869424 -3.256367
-4.817629 -4.157630 -2.542296
-3.863202 -5.531823 -1.594051
-5.030064 -4.116426 -2.343447
-5.551706 -5.252772 -2.446889
-5.367969 -5.044952 -1.694109
-4.698010 -4.861671 -0.951842
-3.840121 -6.233820 -2.674231
-5.201158 -5.870782 -1.893637
-3.570884 -6.782176 -2.938356
-4.541315 -6.683677 -2.605677
-5.030300 -6.384605 -1.741471
-5.045409 -5.413704 -1.187185
-3.273103 -4.777779 -2.230287
-4.701400 -5.429578 -0.456469
-3.838504 -4.362001 -1.995671
-3.102423 -5.102336 -2.863209
-6.129223 -4.632754 -1.959897
-4.702161 -6.461784 -0.053520
-6.067061 -6.043434 -2.282055
-3.764545 -5.316882 -1.854286
-5.515413 -5.148361 1.508578
-5.439776 -5.156124 -1.896354
-4.172705 -5.150744 -3.962768
-3.874361 -5.746835 -2.036344
-4.094632 -6.325929 -2.905671
-4.083151 -5.590079 -2.338577
-3.162471 -6.660897 -4.275972
-3.426082 -3.185575 -1.211357
-4.315653 -4.361970 -1.554883
-3.260141 -5.907226 -2.148346
-3.569432 -5.697422 -1.528540
-5.226946 -4.657703 -1.985747
-2.244132 -4.216840 -1.620168
-4.434670 -4.401100 -3.066726
-4.510874 -5.678414 -1.070267
-4.755765 -4.042584 -3.974547
-4.100392 -4.486690 -1.772051
-4.720308 -5.961668 -1.809708
-4.841326 -4.946621 -2.220452
-5.247689 -5.558472 -2.145929
-5.057527 -4.725669 -1.389777
-4.607763 -7.348089 -1.393732
-2.937701 -5.445200 -1.668322
-4.823581 -5.041847 -1.214066
-4.576283 -5.847777 -1.908913
-6.208276 -5.119669 -2.200370
-5.058475 -5.599384 -4.054254
-6.054100 -7.432879 -0.363185
-6.120261 -5.808529 -4.155372
-2.480346 -4.745664 -3.152227
-4.603511 -6.109553 -0.977738
-6.016448 -5.580393 -1.759819
-5.267251 -3.844837 -1.337630
-3.250597 -4.828374 -0.615534
-4.256854 -6.221263 -2.253014
-3.565461 -5.423970 -1.518614
-3.061502 -5.838425 -2.732484
-5.799235 -4.851333 -2.287360
-4.787827 -3.840718 -2.726952
-2.658468 -5.177979 -3.203026
-5.017643 -4.862620 -1.747814
-4.802945 -5.583780 -2.949349
-5.599026 -4.444431 -2.647532
-6.234241 -5.773791 -0.449608
-5.175995 -5.048214 -2.552065
-2.868291 -7.343586 -1.197073
-4.152356 -4.836711 -2.558281
-1.181371 -6.778707 -2.583288
-4.696040 -5.896026 -3.798302
5.067727 -2.912332 -6.823016
5.062061 -4.671549 -8.376800
5.061793 -2.872819 -5.355741
3.785769 -1.550274 -7.789705
4.617943 -4.263993 -9.791698
3.375673 -3.686683 -6.136807
2.382180 -2.613876 -8.298992
1.881580 -2.738651 -8.275373
4.103039 -3.961673 -6.664733
5.033783 -2.654267 -7.725810
2.475690 -2.375618 -6.745675
4.654000 -2.933346 -7.685100
5.466961 -3.846965 -7.619955
3.862589 -2.197433 -8.322631
2.903773 -1.940026 -7.213711
4.241443 -2.788914 -9.092812
4.963580 -3.923618 -6.917202
4.875772 -2.002457 -7.986702
5.353011 -4.254712 -6.450515
5.054573 -3.020705 -7.870848
4.342230 -3.777659 -7.153093
5.287213 -1.875852 -8.700905
6.202139 -3.440953 -7.014919
3.058337 -2.941570 -8.453469
4.651939 -2.448980 -5.831366
5.820892 -3.111820 -9.367700
3.680199 -3.574207 -6.539664
3.400574 -3.920269 -7.961901
4.130613 -2.236724 -6.242749
3.870159 -4.372497 -6.748730
5.109141 -1.169292 -8.426257
5.345309 -3.707032 -7.363889
3.565273 -3.151061 -6.328227
5.559716 -1.975848 -7.725830
4.595705 -3.208245 -7.196071
4.016689 -2.491131 -5.960492
5.290659 -1.962316 -6.384131
4.457952 -3.930526 -8.046134
4.605074 -2.537795 -7.766548
4.444087 -3.859138 -8.511708
3.326681 -3.806839 -9.393640
4.391925 -2.865524 -7.454060
4.737156 -3.606736 -6.465041
5.634803 -3.784698 -6.588185
5.550048 -3.011900 -7.409784
5.158185 -1.833524 -7.518835
4.108658 -2.542859 -8.151829
3.535748 -2.187233 -7.796652
4.024769 -4.157985 -8.578240
5.009016 -2.395989 -7.953200
6.790913 -3.358141 -7.798014
5.051950 -3.680703 -7.239092
4.383562 -4.001743 -7.438074
5.524703 -3.394775 -7.661742
4.414948 -3.341728 -6.700777
4.481876 -2.707828 -8.127475
5.300192 -3.234492 -6.136153
3.881934 -2.707895 -7.889766
4.529278 -2.804747 -7.421972
4.160229 -2.844362 -6.454709
4.011100 -3.837446 -6.759154
3.022159 -3.831418 -7.852588
3.385079 -2.628202 -6.790035
6.134854 -2.292856 -6.397130
5.062937 -1.441268 -5.930642
3.502338 -1.264669 -6.707274
3.144051 -3.133845 -6.197059
4.946331 -2.248590 -5.836369
4.035571 -0.666835 -6.475370
3.559974 -3.191837 -6.836979
3.566398 -1.889632 -4.961072
4.687116 -3.808651 -7.733315
5.525418 -3.674429 -7.489739
3.934464 -3.098143 -6.241021
4.760835 -1.608814 -7.613182
5.216730 -3.812815 -7.948186
5.979522 -2.063712 -8.888962
2.984092 -4.002780 -5.749520
5.250912 -3.769657 -8.756395
5.100616 -3.499133 -8.697609
2.815372 -2.307721 -8.070369
3.160420 -2.769610 -6.634587
3.133656 -3.238297 -7.647764
4.244540 -3.773049 -6.864404
4.724617 -3.725674 -6.173583
3.077253 -2.915812 -7.858756
4.412851 -4.772111 -5.834865
5.257856 -4.515224 -7.126341
4.424348 -4.149259 -7.149292
4.290541 -1.633050 -8.735088
5.086692 -2.701117 -7.589536
4.180804 -0.857287 -6.802045
3.960329 -4.046359 -7.079800
4.545944 -1.668423 -6.648204
4.850734 -3.571975 -4.832144
4.703771 -3.275928 -5.089631
4.242575 -2.850790 -7.176291
4.673279 -4.417543 -7.782317
4.386803 -3.493337 -9.115164
3.687458 -2.938159 -7.206146
10.289398 -3.797979 2.311993
6.467464 -4.492131 3.404115
7.788340 -4.182122 2.657181
7.246664 -5.293632 3.466439
8.951370 -5.443557 1.953180
6.158010 -6.721939 1.812376
8.001438 -6.485112 2.548526
6.471678 -4.507843 2.425693
6.247242 -3.937700 3.974753
8.052804 -4.869079 1.725074
6.778871 -5.810142 3.402183
8.801592 -5.677783 0.629657
7.658185 -5.073798 2.627866
9.375674 -6.825403 2.151889
7.010692 -5.742162 1.331689
8.264942 -4.849622 2.085053
8.837343 -4.107012 0.377369
7.230860 -5.202290 1.150830
5.845576 -5.197857 2.254138
7.662832 -5.092193 1.223796
9.003038 -5.153413 2.037762
8.144096 -4.883229 2.997590
8.098359 -6.834553 2.198891
6.949608 -3.788739 1.845347
8.872724 -4.660694 2.223166
7.768459 -5.636471 2.908880
8.836760 -4.666206 2.010753
7.594335 -3.707245 2.415184
8.213176 -4.039382 0.904603
7.786677 -3.981027 2.104509
8.137516 -3.461175 0.098921
7.443240 -5.315989 2.290429
6.969408 -4.249148 2.213949
7.410899 -3.797788 2.946558
7.943519 -3.680918 0.690736
7.982467 -6.134726 0.901593
9.399069 -4.127748 2.196225
7.682708 -5.116041 3.415905
7.464959 -6.142417 0.443784
7.835460 -4.160310 2.428960
8.053586 -4.750176 2.601474
6.962727 -4.951936 2.093102
5.960215 -6.029485 2.906790
8.458356 -5.651561 2.501881
7.159956 -3.815239 2.215484
6.964808 -4.013869 1.342779
8.403303 -5.294687 0.692165
7.437579 -7.660528 1.073121
8.304506 -3.294119 0.706160
6.600760 -5.359845 2.533192
8.613354 -6.335752 2.371229
8.339973 -5.984206 1.677253
8.591659 -5.471684 0.811955
7.768178 -5.192886 2.815709
9.005373 -4.653233 2.197163
7.377681 -5.189579 2.076110
6.305485 -4.903281 2.867368
8.195465 -5.751959 2.619753
9.059666 -5.572690 1.615125
7.528300 -3.681878 0.078330
6.109606 -4.386963 2.783744
7.018941 -6.312751 2.006368
5.430155 -5.480961 1.866967
6.361063 -6.493703 0.976249
8.410358 -5.504437 1.919612
7.567398 -5.165451 3.183119
6.278549 -6.279332 2.393135
7.960360 -5.134806 1.817203
9.222008 -4.457958 1.260342
7.990993 -6.199232 1.945843
8.086807 -6.535219 3.494213
7.358849 -4.615213 3.084255
7.355443 -5.255062 2.771887
8.424639 -5.053601 1.511675
9.433259 -4.364938 2.080122
6.949647 -5.330048 2.357479
9.028457 -6.766261 2.271549
7.215991 -4.555913 2.623752
6.019879 -4.472028 2.275036
7.725128 -4.769287 0.578754
5.814144 -5.388190 1.774713
8.963288 -4.220513 2.258054
7.986930 -4.661791 2.960723
10.080745 -4.716132 3.598771
8.442074 -4.905704 1.977637
8.432102 -3.993807 1.694443
7.907573 -5.397054 1.336198
6.721062 -4.154656 0.858826
7.850721 -4.906828 0.892036
8.724693 -6.653547 2.744959
6.717026 -4.490909 -0.117469
6.506735 -4.899406 0.721814
7.649414 -6.644961 2.541942
4.770084 -5.534280 4.349985
6.890498 -4.150810 1.822757
8.595781 -4.470090 1.359916
6.713608 -4.491267 1.771083
7.177110 -5.262925 0.825771
7.982687 -4.656205 2.612845
9.708863 -6.951792 1.323502
7.050349 -2.535224 -1.444337
7.309544 -0.987375 -1.649565
6.127209 -1.150348 -1.388302
9.006349 -0.337848 -1.628953
7.274712 -2.050945 -0.987445
7.002116 -1.890645 -1.056415
7.287238 -1.076180 -1.539568
7.867298 -1.262053 -1.006847
6.821617 -0.956742 -2.808663
7.727218 -2.588689 0.808650
8.156470 -2.260415 -1.197379
5.283149 -2.308885 -1.718650
7.212818 -1.910497 -0.315732
7.939911 -1.252025 -2.281870
7.145042 -0.976836 -0.640621
6.141299 1.091182 -2.571506
6.422084 1.172019 -1.537191
8.188172 -1.135789 -3.117812
7.233990 -2.019407 -0.417549
7.190057 0.003499 0.732480
6.916806 -2.332923 -1.531163
6.982249 -1.646617 -0.827701
6.885792 -0.997636 -1.236577
6.698342 -0.503159 -0.549173
7.215187 0.449775 -1.819469
6.678336 -2.171451 -0.443369
6.223874 -0.603768 -0.335084
5.689261 -1.319071 -0.456052
5.256276 -1.331904 -0.655724
6.755314 -0.211866 -1.636004
7.558091 -1.106222 -3.422885
6.845849 -0.664236 -1.808452
7.629103 -1.749280 -1.816846
6.007363 0.510374 0.371678
6.373726 -0.802404 -1.195952
5.665162 -1.024979 -1.653430
9.634546 -1.716061 -1.783669
7.355240 -0.789543 -1.213683
8.857155 -0.119810 -1.803251
5.319536 -1.637928 -1.126943
6.757029 -1.315639 -0.822526
7.650240 -0.512983 -1.970765
8.030557 -1.246008 -0.453704
8.173228 2.031666 -1.432879
7.271830 -1.536719 -2.661575
6.715251 -2.587785 0.110058
8.130293 0.751363 -1.859953
6.690290 -1.218203 -1.582451
9.636116 -1.140299 -2.274942
6.648114 0.218163 -2.985822
5.780904 -0.698993 -2.702131
6.563485 -1.714339 -0.963477
8.615946 -0.872121 -4.021990
8.001032 -1.459522 -1.998620
5.433239 0.233936 -1.511241
8.384550 -1.988260 -1.630638
5.309836 -2.143268 0.194724
4.764026 -0.026096 -3.116521
6.450200 -1.147205 -0.988686
6.609802 -2.482605 -0.083329
7.875422 -0.464301 -3.194887
6.269536 -0.741067 -0.041388
9.238850 -0.975751 -1.299466
5.830511 -1.496785 -0.210138
7.147582 -0.404341 -0.171850
5.767739 -1.064942 -1.280096
8.128948 -0.880697 -1.767815
7.105076 -0.209532 -1.646365
6.344921 0.480433 -2.037186
6.573300 -2.495676 -1.122270
7.132105 -0.956582 -0.798513
7.574359 -1.735337 -0.777142
7.428193 0.128682 -1.618494
7.923805 -0.085194 0.444498
7.399642 -3.323181 -2.215321
6.753886 -1.165655 -0.339442
7.321431 -1.070850 -0.517334
7.960219 -0.704264 -0.798220
6.834428 -0.487185 -0.751480
8.319688 -2.565039 -0.088423
8.077990 -2.425771 -3.101687
8.341500 -1.694632 -0.599820
7.780269 -2.670089 -2.639408
5.549751 -0.818727 0.413179
9.365238 -2.576793 0.499442
4.712233 -0.909436 -0.335266
7.049584 -1.080264 -1.508885
7.169216 -0.999404 -0.746815
6.929391 -1.072548 -0.955623
6.146329 -2.733813 -1.310653
7.022404 -2.784362 0.369927
6.824015 0.217133 -0.507331
7.102497 0.313458 -1.023023
7.335934 -4.042578 -1.788584
6.202034 -3.619041 -2.305844
6.033504 -1.769745 -0.504180
7.574274 -0.373559 0.202778
5.961600 -0.940613 -0.423745
7.531882 -1.573821 -1.979794
7.687966 1.042508 -1.117218
-6.921901 2.268744 3.159346
-9.170980 3.267299 5.418776
-7.271053 1.394169 5.475350
-7.149053 2.483246 5.861285
-7.894634 2.398798 4.852812
-5.522973 3.166102 4.135224
-6.441271 4.341590 6.577607
-6.912144 2.980982 3.958854
-8.436614 2.429444 4.865865
-10.266003 3.963239 5.660370
-7.759531 2.281764 4.741615
-7.288462 2.582597 5.719134
-6.939987 1.752629 3.808770
-7.436701 2.964276 5.401112
-7.034175 1.569764 4.316417
-8.365575 3.677554 2.784732
-8.803588 0.856699 4.154117
-8.463282 1.557201 6.526513
-8.041427 3.265418 4.389394
-8.183345 3.214388 4.983315
-8.058047 2.079294 4.052588
-8.366461 1.145213 4.136630
-6.912630 0.127193 6.233138
-7.228961 1.958077 4.543907
-8.583741 2.301915 3.882749
-6.725755 3.522643 5.034002
-7.593379 2.467936 5.337835
-7.567408 3.089777 4.645059
-7.088525 1.324799 4.258333
-8.282570 1.891987 3.894421
-7.759284 0.698342 5.943739
-6.537601 2.815608 5.555341
-8.544697 1.839681 4.991932
-8.155361 1.678452 3.694821
-8.068779 1.623953 5.863649
-5.157387 -0.153898 5.598650
-5.923777 1.138429 5.794720
-6.442563 3.436718 4.128653
-7.051340 4.699571 5.844518
-8.756611 0.352856 4.961964
-8.984111 1.943120 4.633684
-7.149162 2.220342 4.938554
-9.015059 2.906991 4.761460
-7.190146 2.239681 4.791000
-6.034971 1.771422 5.826799
-6.587471 1.038296 5.235394
-6.955632 2.365561 6.096839
-9.376202 3.596636 5.350469
-5.305520 0.829922 5.478941
-7.385627 2.883727 5.550110
-6.034659 3.823052 2.483473
-7.045098 2.631167 3.186195
-6.762669 1.438906 5.837009
-7.078449 3.221057 5.618500
-6.814800 3.613360 4.898746
-9.082049 3.203959 6.195238
-6.025579 1.708509 3.280632
-7.764296 2.731446 4.643666
-8.184422 1.969851 5.968462
-5.901019 2.041920 6.487244
-6.580341 2.839265 5.881597
-5.714258 1.200513 3.375435
-6.268507 1.044251 5.330559
-6.099943 2.356196 4.631720
-6.216773 2.813003 4.047042
-7.474996 3.240813 5.668515
-6.929902 1.888784 3.873578
-8.987986 1.582465 4.169014
-8.213290 5.404272 6.234974
-8.170188 3.085194 3.205870
-7.299339 2.492571 3.327767
-8.206277 3.024844 5.265143
-8.996077 2.926505 4.375929
-5.602113 2.344050 4.451412
-9.035571 3.041067 5.040574
-7.008988 2.310362 6.624756
-9.534863 2.219162 4.955730
-8.717789 2.621322 4.164956
-7.248391 4.466502 3.350107
-6.816830 2.626301 5.681515
-6.607635 3.547934 5.245107
-7.275866 2.930108 3.305736
-8.939287 1.481608 3.171261
-9.131934 1.326751 5.843838
-6.234071 2.355173 2.762138
-7.959013 1.637078 6.324379
-7.805690 3.397364 4.225742
-6.662399 5.671632 5.169044
-8.397117 1.636484 6.675035
-7.455746 1.472282 5.735958
-5.239847 3.073513 3.783099
-7.360947 3.016192 5.307915
-6.020520 1.831596 4.846060
-10.169163 3.601956 4.952404
-6.493477 3.510519 4.637516
-7.687358 2.040073 4.517235
-6.589531 2.723832 4.853579
-8.097326 1.637337 5.502564
-7.868760 2.958183 6.306063
-8.659642 2.433496 5.827061
0.512940 -0.919758 -1.332061
-1.686107 -0.577381 -1.734915
-2.128973 -1.155504 -0.499715
-1.503869 -0.312704 0.456540
-0.048268 -0.787215 -2.022894
-1.341655 -2.078200 -1.859202
-0.760961 -0.798208 -2.926845
-2.538525 -2.227257 -0.301094
-2.003309 -0.927086 -1.634776
-1.628621 -1.891027 -1.765432
-0.840094 -1.730492 -1.518854
-1.589708 -1.560497 -1.059117
0.437990 -1.576889 -2.210367
-0.690538 -1.963871 -0.177341
-0.096236 -1.551979 -0.855800
-0.859145 -0.617737 -0.375177
-0.709832 -0.854910 0.381582
-0.351739 -1.179499 -0.318444
-0.730236 -0.407180 -1.971803
-0.377994 -0.115743 -1.653879
-1.017523 -0.014123 0.058774
0.148643 -1.066366 -0.802777
-0.477233 -1.478211 -1.832904
0.494564 -1.855785 -1.879791
-2.608905 -1.667326 -1.145875
-2.204670 -0.453102 -0.949264
-0.407448 -0.734383 -1.589748
-2.094341 -1.330622 -1.131062
-3.398187 -1.752313 -2.266525
-2.500037 -1.894704 -0.027926
-3.233494 -0.387353 -0.710000
-1.390347 -1.305637 0.004240
-1.196549 -1.956337 0.257290
-0.387691 -0.935661 -2.273354
-2.305050 -1.670083 -0.722873
-0.176391 -2.051012 -0.814228
-0.164583 -0.514293 -1.079475
-1.505205 -0.572527 -0.897430
-2.055523 -1.054561 -0.407111
0.067816 -2.596235 -0.258400
-2.407828 -0.832036 -0.120367
-1.438149 -0.302136 -1.974500
-1.946262 -1.052967 -1.315633
-3.126248 -1.714814 -2.143025
-0.088874 -1.000655 -0.618982
-2.554282 -0.538651 -3.195258
-2.282533 -2.367337 -0.487265
-1.419114 -0.136054 -0.589623
0.375549 -0.128562 -3.018592
-1.645101 0.137024 -0.935943
-0.508745 -1.799855 -0.519082
-1.428745 -1.597467 -0.876715
-2.165719 -1.408617 -2.059950
-1.812541 -1.287515 -1.475291
0.021915 -2.804158 -1.892724
-1.744385 -0.543675 -2.209902
-1.187444 -0.261594 -0.990210
-2.837883 -1.783497 -1.005179
-2.109768 0.062514 -1.062211
-0.925366 -0.770826 0.921588
-0.239430 -1.731526 -0.612050
-0.402242 -0.355170 0.272007
-0.543160 -0.084387 -0.741618
-1.801397 -0.807379 -0.933610
-1.326999 0.263778 -1.642486
-2.375429 -0.276033 -0.226557
0.139315 -1.314994 -0.219399
-0.983411 -1.703774 -1.979841
-0.874038 -2.810939 0.152571
-2.290422 -0.512310 -0.691256
-2.909994 -1.090569 -0.685381
-1.884337 -2.104918 -0.367298
-2.750945 0.365676 -0.252909
-0.079999 -0.441074 -1.057255
-0.836273 -0.092667 -0.552057
-3.940616 -0.887852 -1.551388
-2.026300 -1.081091 -1.209057
-0.944192 -0.354868 -1.304458
-0.103377 -1.570004 0.113476
-2.496239 -2.577727 -0.048937
-2.968289 -2.089158 -0.696546
-2.010232 -3.236410 -0.944024
-0.090426 -1.124257 -1.439460
-1.641091 -0.716974 0.612441
-0.964691 -0.621617 -0.374695
-1.173228 -2.278129 0.969798
-2.327775 -2.477661 -1.312267
-1.098472 0.992616 -1.460273
0.423458 -2.282920 -1.741718
-2.372205 -2.320030 -0.128153
-1.609366 -0.185995 1.086881
-1.764847 -1.551087 -0.761360
-2.378129 0.063338 -0.538591
-1.365471 -1.943025 -0.500176
-1.051304 0.795275 0.093156
-2.750922 -0.754167 -1.020900
-1.685799 -0.819560 -0.205293
-1.826237 -1.015230 -1.780647
-0.027335 -1.722679 -1.626041
0.799618 0.788554 -2.864704
8.464254 -0.723667 5.513404
8.591101 -0.759399 2.469332
6.618998 -1.673977 4.967302
6.778551 -1.278297 2.516325
7.935897 -0.886210 4.495268
5.908918 0.626470 3.071562
6.828940 -1.489837 4.969203
6.308731 0.348737 4.691191
8.638776 -0.680369 3.836279
9.267535 -1.898233 3.997146
7.007939 -1.087620 5.589977
7.976138 -1.907600 4.091841
8.006034 -1.322114 4.074330
8.159522 -1.414886 6.448565
5.430518 -0.100996 3.555833
7.324571 -0.711183 5.609085
8.724433 -1.555535 3.333422
8.758373 -0.732028 4.114611
8.147671 -1.003881 6.488476
7.611506 -1.722745 3.441739
6.610047 -2.327088 3.508576
6.611887 -0.566713 4.203668
7.142085 -0.642664 4.965015
7.887828 -1.580840 5.455810
7.047503 -1.336498 4.495706
8.297921 -1.255470 4.160709
7.059677 -0.740474 4.506636
5.117205 -1.317109 5.811542
8.495439 0.090267 2.968878
9.265527 -0.156117 3.632676
5.701855 -0.406500 4.197329
7.302320 -1.844491 5.198659
7.400595 -0.902777 3.958031
6.797155 -0.267916 4.430768
7.087867 -0.685068 4.657818
6.996514 1.055584 6.153264
6.981563 -1.528249 4.246266
6.800131 -0.687067 4.578273
6.836297 -1.147939 5.529568
6.354074 -0.546180 6.563288
7.795211 -0.549266 4.446379
7.802162 -1.481251 3.985989
7.118572 -0.495710 4.538693
6.985586 0.285814 5.427316
7.525769 0.041879 7.113414
7.447338 -0.393759 4.734478
7.425588 0.665219 5.493741
4.722934 -0.273384 5.297036
7.269495 -0.774946 4.815292
7.655751 0.043321 4.018238
7.009872 0.081206 6.847040
7.189005 -2.257729 3.817085
8.488228 -0.604193 4.633126
7.974690 0.747441 6.444581
6.341391 -1.518126 3.933945
7.805129 -1.427319 3.810813
7.295456 0.186521 5.014875
7.711136 -2.471756 3.892638
8.579807 -0.017216 4.819842
7.065097 -1.528006 4.849207
7.439252 -1.001674 3.756322
5.164233 -2.372264 5.159920
8.427996 0.132925 5.275196
5.792798 0.225282 3.519115
6.711515 -0.505061 3.763557
6.937627 -3.973174 6.312275
5.966210 -0.166721 2.883188
7.579292 -1.791760 5.488330
7.352629 -1.032087 5.661052
5.826091 -0.421841 5.615666
7.500336 -1.989658 4.364984
8.071640 0.569281 4.803059
8.273218 -0.331607 4.483088
7.418904 -1.113043 3.686939
7.998211 -3.034428 4.915639
7.536387 -1.040000 4.328021
9.129647 -2.834275 6.630292
6.880317 -0.276033 3.963896
7.438278 0.443917 5.316518
7.254069 0.172353 4.756737
6.585857 -2.189972 4.876972
7.402936 1.174243 5.302173
7.690293 -0.421515 6.185592
7.197813 -0.412876 5.787018
7.134312 0.177351 3.902229
6.533196 -1.485467 5.063381
7.637483 -0.591832 3.740733
7.050550 -0.740247 3.055258
7.918291 -1.820107 3.802006
6.755211 -0.869066 3.546143
8.291510 -1.517860 5.197325
7.456113 -1.508342 4.551721
8.312915 -0.394524 3.969635
8.316016 -0.804895 4.324722
9.106990 0.186668 4.913065
8.376679 -0.049890 5.620473
6.531071 -0.352743 6.865936
6.684283 -0.627005 3.939188
7.503614 -0.805383 4.752376
6.776223 -1.763835 5.957794
