100
8.60551508535
3.71596744986
8.41800923145
8.44578842418
3.36660378583
1.54688945296
5.24019748773
0.190029885355
2.46839966599
0.7637328267
0.962998553524
0.528063460812
3.25828285195
5.60348942748
1.09389777898
8.61581666319
3.3029608956
0.571154647293
3.64857726808
8.98585155051
9.6611357499
4.0901251382
7.59122798229
3.63678524106
6.8855800299
8.35968218131
3.9999266052
5.30045848594
6.04844177154
5.04312889828
4.8790220071
7.04680727785
7.57333161051
6.16817015142
5.23961091367
8.74860024301
3.2531639457
8.54909295112
2.57387824577
8.13734248213
3.85708045869
9.50430839578
2.00809523387
7.29006211515
8.23255923235
8.24194957439
8.75341724243
5.11548618132
9.24853985473
6.45199757994
7.61888615007
3.70587431116
4.59384626169
9.2652793988
3.33991307332
8.91839573776
4.65153553829
1.06796284589
3.57040989462
2.80285160904
2.99338358578
2.02715449538
4.36411037169
1.69077992878
0.636601029314
5.99489417134
1.44862151517
4.89924043626
6.09011276538
9.43335341202
2.1714714804
6.60027846855
7.20899608006
0.470681263224
2.0975497453
6.76780032556
0.694968051136
9.83172977251
2.49342585827
5.20998591864
5.50570041535
9.20845024848
7.3433789333
1.44400606418
1.9324433958
2.2248741446
6.04836885285
5.73492327581
6.03174534589
7.51249509847
8.45534344027
7.91086290705
8.87282068566
4.05279907069
9.47523051256
1.61262303392
7.65634322768
1.30396516962
2.21880516847
1.55584207768
