4.799060 5.198876 3.172732
-3.687248 6.088060 0.393442
-6.628552 -0.489405 -2.153720
1.598633 7.966097 3.311279
-0.027794 1.212565 -6.354307
2.962511 4.508371 2.742623
4.277701 -8.008475 3.985344
-1.363091 -7.185340 -1.992157
3.738938 -6.586582 -1.183583
-9.093269 -3.774072 0.123621
-6.351783 0.220640 4.815764
-2.680227 -6.783823 -0.797864
2.556729 3.552074 3.963930
-0.429263 -8.197848 -3.225430
-8.095724 -1.269161 -0.506533
-1.615081 5.550737 2.492211
-2.177914 2.439128 -3.066010
-9.076610 2.261326 1.347481
-0.022119 4.476042 -7.108990
-5.158607 -2.378823 -1.197429
1.995918 2.891493 -1.347476
1.119365 4.336823 2.847250
3.288592 3.703784 -6.179961
-7.382401 -0.311154 -2.506911
-4.881891 2.778913 1.518205
-4.825572 -6.168140 -1.086739
6.558261 -4.323722 2.204073
-5.271745 -1.783579 3.554292
-7.583390 -0.416015 5.557567
-3.308905 -5.946642 -3.143175
3.070885 3.655176 2.198723
2.276491 9.315364 -0.058035
0.597708 -0.767849 4.260674
1.599195 3.656051 9.078430
-4.013335 -3.608928 -3.980966
0.764882 -1.830372 -5.752574
-5.175042 -2.307617 -0.901862
-2.520350 -1.196224 -7.642064
-7.326065 -4.904776 -2.011102
-2.615293 4.527238 -4.443251
3.871382 0.007094 -7.631889
-6.973933 3.628939 4.413318
3.616430 9.107041 1.964179
3.419492 1.563704 9.060786
3.614425 1.066401 1.740112
3.832411 -0.747042 1.485086
-8.542198 2.765330 -2.244854
4.772564 -1.109382 -1.645955
5.217222 -1.244936 -6.180343
1.542259 -7.346233 -3.643513
-8.526797 2.248726 0.294974
2.493272 -7.387095 2.904209
-7.317029 3.058519 -4.695800
-2.363895 1.804301 3.394082
1.897152 0.304894 -3.386130
-2.065151 7.679310 5.429705
3.969046 -4.680180 4.734014
-6.950474 -1.976456 0.632252
1.503799 6.647244 -5.907163
6.271249 6.145681 -0.369463
0.750382 5.616972 -3.283022
3.985187 -1.482894 6.504813
8.912274 1.096825 4.209904
-2.432793 2.966775 -9.086546
-1.213376 -0.656245 -1.798336
-1.105454 3.480976 -0.070393
8.138135 1.080796 5.188687
-0.347054 -8.653940 -4.376763
8.656983 0.146359 1.290060
6.014264 2.917750 -3.815610
3.419880 2.105715 -7.034562
5.905007 3.305547 7.086041
7.041890 5.507138 3.697904
3.298928 -0.806408 7.756470
-3.090429 2.182463 -5.649143
2.875211 1.427853 6.046221
4.918916 -1.031776 -2.084314
-4.657276 3.287978 5.337214
3.319365 0.079102 6.703074
2.448108 -0.849222 1.099666
-2.683726 3.126045 8.340773
3.948780 -1.129044 2.603916
-2.633067 -5.236161 -3.994524
4.206643 -9.050503 -0.149491
-2.077808 6.342697 -3.020516
-4.676127 -2.649961 5.046324
1.756000 -0.211578 3.469481
6.572998 0.336190 -0.211842
7.215763 -0.883414 -3.352187
-3.087851 0.999440 -3.647555
7.859529 -0.199091 -4.870420
-3.443429 -4.265958 -7.149699
7.428319 -2.177024 5.773218
-7.802751 -2.914335 1.114854
3.813969 2.876315 -2.737914
4.887075 5.352729 -5.091151
3.360182 7.739788 -2.663001
0.631133 0.056880 -3.709127
-3.868557 -0.107259 4.972298
-5.460431 -0.318540 -6.707087
-3.405309 0.624615 -0.466333
7.549649 -0.889967 -0.053950
-2.076314 7.722495 4.721402
2.793772 -0.133299 -8.531010
5.191930 -2.848648 0.180327
4.777994 1.358463 -4.218867
-4.822109 -0.433791 -1.253180
-2.412040 -5.938362 1.016415
-4.889146 1.001961 7.409559
-0.472922 0.906546 7.579562
-8.153340 -3.972027 2.742066
1.431285 4.256207 2.885785
-4.162322 -6.494284 -3.742349
-7.111322 -0.801188 2.157958
-6.317546 -3.143890 2.128660
-3.852163 -7.494279 -4.592101
-1.840087 7.637569 2.959025
-5.260265 0.576147 -4.125369
-3.006365 -8.659463 2.843935
3.848943 -3.301465 -2.515116
-3.722299 0.774766 -8.028150
-0.189715 -3.425287 4.194516
-0.724468 0.541128 -0.133802
-0.031333 -8.954115 1.231029
9.207238 2.396346 0.572567
3.964704 -6.276759 1.079963
-6.263484 1.610253 7.020489
3.558359 3.433685 -2.073646
-1.479737 8.940910 4.166520
3.567414 -5.781573 -2.030194
3.047186 -0.943901 -3.895420
-2.959300 -4.407132 -5.279088
2.398617 -7.491218 -0.944201
-4.794191 5.576873 3.356824
4.080507 2.564017 1.566769
2.583128 4.608213 2.826367
-0.725813 2.285825 -4.910587
6.173654 -5.420325 -0.990440
7.484703 -5.944522 0.474224
-7.469635 1.588058 -4.762307
-5.844619 1.056763 7.027907
0.271889 1.165197 3.322971
-8.631489 2.454268 -3.710341
0.493909 -0.946489 2.614862
4.017965 -2.459492 3.675925
-6.038231 2.348014 -1.725477
6.471768 5.111559 4.061946
-2.714114 6.395740 5.031635
-9.024610 0.571380 2.334964
-4.581143 6.016835 -5.296516
-0.825555 8.045977 0.958099
-8.880231 1.823598 1.278834
-2.028656 -4.354508 6.134326
0.143187 3.763019 -0.106719
-0.909079 -1.570398 -9.214965
-3.854818 -3.326359 7.159323
0.458435 2.310001 9.631174
5.949695 -6.023807 -0.865916
1.419416 -5.701826 3.728666
-4.427958 -6.405203 -2.050041
2.765415 -5.382870 1.601888
-0.388191 2.727460 -6.369827
-0.615990 -3.814471 3.376209
4.446823 1.497133 0.557090
2.127929 5.191179 5.819364
0.328832 -2.856434 -0.353262
2.605207 -6.115049 -5.738366
-7.366240 1.735194 4.672093
-1.875532 -5.166861 -0.550986
-3.718775 -0.143538 4.834423
4.792439 0.201447 -8.254140
3.000409 -8.352703 4.538415
0.652365 4.986117 7.225339
6.377696 4.325489 -1.835521
2.731713 0.476774 -2.559223
-2.931478 1.960981 -8.050263
-4.472939 -0.750134 2.535904
-6.652893 -4.178832 -2.419490
-0.902285 -1.146451 0.191782
-2.639937 -7.750032 -5.158706
-0.794439 -4.831830 -1.389931
-6.488416 -1.339115 -4.205750
0.850443 3.027399 9.476958
4.425871 -3.650457 4.628924
5.297163 -0.950719 5.832376
-5.387536 -3.348890 -2.307370
8.720036 -1.180547 0.322084
-7.186896 3.701592 2.992454
-0.017422 -2.681232 8.407275
-5.850007 2.521042 -2.981213
-3.569993 3.469490 -0.759176
-0.167529 4.804454 -8.486123
-8.166945 -2.962756 4.771275
0.255738 4.389616 6.489013
1.992317 -1.161861 -1.054271
-4.747519 -1.646321 -4.494527
-1.526631 8.071588 2.584973
1.254316 8.100653 5.511969
-5.711130 0.872655 3.725379
4.955715 0.692642 4.598803
1.897800 -0.758795 6.966194
-7.816918 -1.140126 5.608902
8.484729 -2.718318 -1.068239
-0.320928 2.032864 -2.979161
5.495540 -0.422280 -7.752631
1.507979 -3.274719 0.371144
-2.981672 -5.746657 -7.580535
-7.183451 0.699672 1.401850
-1.034828 -8.474888 -0.332265
-3.832420 0.716799 -3.086289
5.814434 -5.344861 5.594495
-3.752790 2.110877 -3.243484
-2.998495 -6.597941 5.182608
-3.533506 5.955311 5.536781
2.139071 -7.413447 -1.250542
0.921548 -7.230764 5.958769
1.921486 5.006788 0.388659
-2.911901 1.417985 -4.079753
0.929266 6.440384 -2.098624
-5.215696 5.352271 0.687792
-0.483589 1.478946 8.778615
-5.321656 4.692587 3.654715
-0.695784 -5.841565 -8.042263
0.271604 4.364070 1.811167
4.370514 4.313123 -2.805986
-8.717515 -1.152185 0.337080
-0.127717 -0.277097 8.891505
0.243658 -8.188669 -0.633328
5.880058 -6.161410 -5.143333
5.928534 -0.001553 7.817727
7.431764 2.431415 3.127908
-2.766646 -1.176474 1.284056
0.046817 9.317331 -3.298456
5.645216 3.130976 -4.603184
-0.223707 4.317757 7.927516
-2.476739 2.341827 -7.386623
3.915580 -8.017059 1.271907
-4.523659 -5.343784 -2.080755
3.558801 1.113718 3.534723
1.617840 2.449595 -9.223037
-1.617477 5.819118 1.688221
7.017203 -3.657991 -5.818055
-0.856761 2.402951 -5.247563
-2.000549 0.924497 -7.826003
-2.685380 -8.725198 0.941458
3.123294 1.011600 2.133695
2.109028 0.404798 -7.172861
-2.948653 2.004740 9.177480
-5.028373 0.729156 -7.963606
-3.067226 -6.225973 -6.001573
-0.373069 -2.065105 9.058475
-6.683773 -5.969290 4.424745
-1.891479 4.709090 -0.900139
-2.041313 -0.005858 7.728080
2.774762 -3.332497 -7.020574
0.857601 5.634413 -1.182065
5.245633 -2.679709 -4.241650
0.663017 2.656870 1.148943
3.451275 -0.517265 1.490493
-2.934418 1.484768 -8.145365
-4.629786 -5.256393 -0.891845
-8.243880 3.737945 -3.257340
-6.855379 6.604569 -2.618335
-1.880388 7.515949 2.709882
-8.900354 2.288510 1.881885
1.010299 -1.911806 -0.176559
-2.949888 -6.601073 -3.910276
-5.249225 2.708740 -4.015310
-7.757723 -1.495320 4.300422
-2.328515 3.241508 -3.820463
0.269024 6.256563 0.361075
-5.770916 0.727114 -4.125305
1.876607 -2.018289 1.844007
6.858998 -5.669338 1.930403
5.375506 7.236827 0.407581
1.168474 -4.982957 4.405077
-5.234862 -2.462947 3.912877
-1.741132 2.027287 1.129038
-1.542065 1.335422 -1.654404
-6.754245 5.522152 1.757090
-3.094258 -2.321060 -8.594939
2.170390 6.472292 3.623261
-5.131471 3.971636 -4.738032
-1.396970 1.656706 4.121624
-7.143159 -0.651743 2.576977
-1.397046 0.415854 -1.400904
4.140418 -7.445531 -1.014156
-4.610292 4.124324 3.709141
-5.039930 -7.413430 1.718420
4.581716 2.572390 -5.664015
-4.695590 -0.084750 4.328768
7.302430 -1.536710 2.824306
-4.099579 1.060337 6.438729
0.250012 1.276882 -7.392369
-4.450497 5.981208 -1.134471
-4.448868 -2.366086 6.713725
1.562033 -2.962387 5.010530
5.154108 -2.120147 5.347795
6.451766 0.914103 -4.778017
7.881017 -0.696547 5.378426
2.766814 -5.461139 -6.517291
-6.128220 -2.066051 3.882165
-2.211482 4.969340 2.033369
-4.369636 3.329412 3.809004
-4.594724 -2.399960 0.957099
2.417718 -1.378198 -2.894175
3.079604 -1.967143 3.688530
2.003664 6.590973 -5.882297
-4.713100 -1.934478 3.446319
6.957474 -4.352209 5.070733
2.849640 -1.943021 -2.245159
-8.067834 3.846266 -1.347263
-5.650773 2.728618 -6.592657
4.332059 -2.992055 -7.421990
8.720788 -2.454202 0.797225
-0.545956 -6.656210 2.516864
5.134525 0.396558 0.532237
1.798990 -4.795702 7.148173
4.084693 -4.226379 -2.793158
2.534037 1.030711 4.052263
6.795278 3.690276 -0.916550
-2.631102 -1.578965 8.650976
1.023322 4.202550 2.888628
9.006089 0.802008 -0.514285
6.168532 -3.214611 -0.906158
6.143668 -1.213494 -3.291783
-6.430810 6.315210 0.652363
2.988377 5.209807 1.358723
-3.086937 4.070714 -3.500733
-7.262783 5.404902 -3.189089
-1.136690 4.093763 -2.159563
-7.113833 -6.518601 2.343308
9.430526 0.652743 0.668573
2.547734 4.185708 -6.551847
2.925261 -0.405472 -6.195581
1.449791 -5.042018 -1.590058
6.436479 4.114352 -4.050289
2.259190 3.634379 7.584763
-1.762806 5.385024 -7.734082
0.618935 -5.733062 -6.241435
-2.923181 2.730154 7.358938
-3.300158 -3.445581 5.702736
0.964410 -9.017060 -1.644315
1.265307 5.005386 7.121017
-4.820730 6.972556 1.324655
-5.877971 -0.198453 -7.092169
-6.492049 -0.968454 -7.125292
-2.234010 7.334430 1.628594
3.347440 3.673483 -3.517992
8.045197 2.589842 -1.222020
-1.268447 -2.848744 7.518600
3.388944 3.340848 8.644439
1.827931 -7.553428 1.828979
-0.160837 -8.712160 3.211654
-2.182176 -2.397521 5.561722
-2.081592 1.498169 6.536075
-2.424371 -5.002355 7.141634
-3.313994 -4.501252 6.535752
2.896824 6.115011 6.067048
-7.407028 0.000177 4.329033
-3.398258 -3.209588 1.069385
-0.350552 1.972050 8.544299
1.145223 -1.372156 2.726143
-7.101836 -1.417899 -3.098074
-1.774479 4.143795 3.725760
-0.098836 -6.746639 -4.351261
7.991696 1.455234 -5.192524
2.880195 6.878854 1.208739
1.858296 4.832719 3.236461
4.647182 -2.110639 8.190313
1.188587 2.614103 -8.221037
8.472362 2.022812 -3.105483
-2.462419 4.067972 4.737044
1.381030 7.858977 -5.012896
3.925583 1.610299 -4.096950
-3.576075 0.762428 3.046894
-3.028872 -4.768311 -5.012942
6.568553 4.349761 -2.197343
-1.512548 0.307567 -0.315617
-3.611414 3.421900 6.195667
-3.686689 5.186750 -7.423085
-5.799197 -1.553592 1.332583
3.786806 -0.210863 -2.213015
-3.827253 0.952898 -6.316152
-0.894835 5.844225 6.349624
6.811894 -0.866331 -5.745119
-6.153079 -3.603272 5.425516
-7.374314 -5.012819 -0.413398
-3.068256 -4.722242 -6.446010
-5.483910 0.538954 6.205143
7.792848 -5.263614 1.977016
0.196345 -3.157122 8.140293
-0.822010 5.343653 -4.098281
7.714831 -0.451878 5.729009
-5.445669 -1.799430 -5.049337
-0.238357 -1.584727 -3.651623
-4.276424 2.085902 -2.806489
-2.988858 -2.519420 -6.117773
-6.808087 -4.141689 -4.099423
2.844694 2.037583 7.445246
7.164066 -4.846232 1.080374
-1.598460 -4.003534 -5.365951
6.501692 4.531388 5.990163
-4.047320 1.102007 5.454562
-1.932004 -4.290612 6.234330
1.079798 -1.225669 5.251247
-3.432088 -1.985130 -1.346776
-0.523748 -5.336208 3.134135
2.369335 3.312177 -3.348470
-2.325554 3.937785 -8.773470
-2.389785 2.192088 4.627575
0.907693 -2.249898 -4.667680
-5.617466 2.607387 -6.111846
5.134376 -5.441058 6.244580
1.143286 -3.511976 3.116781
-7.191691 5.248647 2.097761
-3.043562 5.516247 -4.541288
2.384686 1.153359 -8.650501
2.091252 -6.145940 6.104552
-3.577861 -0.310729 -2.402889
-7.151486 3.441293 -0.225579
6.674883 2.953953 0.786264
1.673343 -2.727414 -2.997630
9.026363 -3.648839 -2.080704
-0.246692 -3.029223 0.707278
8.114473 -2.924506 2.201474
3.151422 -5.368885 0.740351
7.109020 -4.018560 -4.883447
-6.327290 -3.090761 -4.153945
-3.618909 -2.794073 -2.645480
8.067279 1.415330 -1.789984
6.775314 3.755923 4.108752
3.995144 4.882783 -6.702157
-2.254500 5.635635 -5.784335
-3.540326 1.288080 -7.799918
1.692304 6.119491 0.632743
5.009726 -3.408332 2.939594
-2.716361 8.927607 3.043803
-3.592312 0.085524 9.007296
-6.085421 -4.653407 -1.853633
1.079986 4.839082 7.001806
6.602830 4.832862 -4.782925
-6.417032 -1.245755 -1.980413
-2.023026 -2.255721 8.295596
-3.116180 -6.752789 -5.008971
3.579096 -2.265854 0.006213
-3.934012 -2.825732 -2.043585
1.147258 -6.394115 -1.334395
-0.666484 8.910421 -0.677214
-1.314826 -0.306972 -0.244781
4.832179 -3.636386 -7.138875
4.466449 -0.343243 -6.186535
-4.341468 -2.478859 -2.706662
-1.797136 -2.058424 -8.008372
-6.034269 0.793742 -4.706739
-2.059330 2.180773 5.163920
0.839847 -9.663288 1.997960
7.055138 -1.153303 -1.183741
5.137409 -1.388948 -6.180790
-6.204741 1.659281 2.906267
0.669955 5.174886 4.170630
-4.452124 6.223195 0.816528
6.110539 -7.387817 -0.530217
1.273253 -4.598271 2.321000
4.634300 6.016646 4.030481
6.111829 -0.448728 -3.750772
-4.449658 -5.349090 5.923666
0.899047 -5.413794 1.764673
7.788966 0.738141 0.227616
0.078167 -0.720268 -6.122347
2.096978 -0.140893 -1.911461
4.048382 3.450090 -3.946803
-4.306086 1.349197 -3.347663
8.431973 -0.471169 0.837796
4.491140 -0.603738 -8.203805
3.479265 4.807847 2.773238
6.883609 -2.048892 -1.693459
5.913923 4.904886 -5.939614
5.935132 -2.004627 3.969214
2.084033 3.337084 -1.408937
4.358369 8.682174 -1.309554
-2.011387 4.296265 7.715874
7.594584 5.388433 -1.564917
1.928849 4.311269 2.736953
-4.157678 -2.092888 7.527384
2.276406 2.096726 -7.134279
-2.791227 4.445813 1.862954
-0.854084 -6.100245 -5.735057
1.283245 2.887561 -0.316965
-6.154470 1.895519 2.437168
2.257283 -6.352570 3.001023
-5.464495 3.637609 5.015680
-0.734869 1.979825 -0.664477
-3.835580 -4.846247 5.435453
3.717915 -2.412983 -1.623357
-2.861951 8.819097 -0.163838
-5.655182 -1.146497 7.062014
3.394938 4.846512 -7.199918
-3.987103 0.207351 -4.381537
7.426907 -2.715180 0.130043
-9.018661 3.190830 -1.606584
-4.816094 2.781273 -5.217604
-5.610357 -7.586360 2.202632
-1.675524 6.127606 3.575673
-8.349567 2.997864 -0.734717
-2.546988 0.369738 -2.543523
6.215352 -0.230870 6.957993
-6.303598 1.950542 3.005421
-3.612412 -6.706984 -2.275055
8.494953 -1.624395 1.563853
-1.329817 1.158333 -7.145797
-4.894937 -7.753737 3.498336
5.588205 -3.211315 -0.963553
-4.626243 1.723552 -8.235859
1.030409 2.828772 -2.615262
-6.576278 -3.685527 0.614708
-4.825998 0.769670 -4.475989
-8.846635 -1.835564 3.717616
6.827783 -0.118371 4.343968
3.702703 -3.631035 -0.123515
-1.578983 -5.443322 -1.062870
-4.946132 6.779738 -2.090578
4.030804 -0.270355 -8.375760
3.168177 -0.244109 2.530153
-3.674988 -4.397971 2.438678
-2.927402 -3.251447 -3.628371
1.140782 5.905368 7.275050
4.552043 5.551394 6.264540
0.762484 -1.663532 -4.194907
4.546403 -6.406188 -0.327335
-5.389764 -2.311231 -0.612354
-2.418564 5.332382 -7.525007
1.607171 -4.662236 2.807959
2.233497 1.032061 0.202980
4.806425 -2.913684 -0.452384
-3.123913 2.126900 8.838520
-7.465068 -6.380408 0.665225
-7.514710 2.419817 4.952624
-5.068158 5.928091 -2.389335
-1.510730 -9.776777 -1.428985
6.930149 -3.998087 0.634297
-2.369795 -0.998115 -7.849284
8.772172 1.204849 -2.889438
0.351321 0.699109 5.207175
4.740724 -0.254272 6.092285
7.077460 3.975793 4.492492
4.139426 6.255492 -2.105694
7.486094 1.046828 2.081717
1.042896 -8.641870 0.045985
5.900150 6.325144 -1.630405
-7.111219 -0.927805 -4.368825
1.296280 0.570054 0.986029
2.434881 1.924784 9.005845
-2.572622 0.306917 2.531150
3.512655 0.804940 1.038611
-3.338650 -7.253967 1.211652
8.074302 -0.380247 0.043431
1.272570 -3.634477 -0.338051
-4.617393 3.182637 -2.525860
4.779875 5.393457 -5.901248
1.800623 1.444590 2.606200
5.350814 2.060212 1.572816
-2.849835 -7.421970 2.479213
1.309070 9.569414 -0.010324
-5.265821 -0.968756 0.149485
-8.901930 1.173048 -3.283113
4.633695 -4.076979 -5.891501
-9.181390 -0.148779 3.427629
7.650452 5.205788 -2.009363
-5.305984 -4.054259 -4.766965
3.617106 6.929621 4.195248
5.092494 -3.213711 -4.996506
4.288836 -7.750667 -1.616237
-4.693314 3.978452 -0.094814
6.668690 3.665412 1.919569
-1.455664 3.863087 -3.175330
-0.589760 -7.806966 -1.122894
-4.228115 -1.800761 7.537972
-0.456255 -6.244346 6.989570
-2.788212 5.852327 4.852702
3.607600 -1.339503 7.020634
-3.286958 0.397142 9.133726
1.108296 1.368374 1.779868
-1.218222 1.576392 2.290386
-2.899867 7.176502 1.988457
3.125194 -2.582654 -5.186328
-5.925011 5.066887 2.369721
-7.934741 4.793922 2.735013
-2.179696 -4.791389 8.167073
5.586214 -3.760788 5.057220
-2.933154 -1.094550 -1.379088
3.278681 -0.491895 -0.271734
5.175618 -0.544105 -7.969210
-4.136515 2.015056 1.348733
-6.842240 2.663187 -0.199101
-3.918938 -8.484324 -1.990216
-7.284641 2.388441 -6.313461
-5.754230 0.620207 -0.370648
-1.445854 1.329689 0.273569
0.108582 3.010418 1.372587
-0.698610 6.282451 3.752412
0.278113 -9.116721 -4.096894
6.207935 0.890252 1.369713
0.575073 8.951463 -0.141297
-7.440068 -4.622398 -2.108709
-2.842377 1.537624 -7.713404
5.963751 6.879986 -1.008732
5.058098 -5.700190 -5.882210
-4.151112 -1.065636 0.063860
-1.887301 -4.279113 8.178608
-4.725983 -0.002198 -7.118532
-5.706776 -3.151080 4.325069
-4.286087 -3.797431 3.053557
2.341065 1.373842 -7.718639
5.499399 -5.934271 -3.540501
-1.440918 -1.255664 -0.890314
-7.890187 -2.902652 3.359066
3.022790 -7.493776 -2.451892
8.443081 1.073211 1.830798
5.645301 7.050860 -3.555543
-0.629516 9.723962 -2.161149
1.179994 0.471738 8.451179
7.374407 0.311907 1.846199
-3.989241 -5.623917 6.750710
1.557829 -6.618591 -1.877032
2.085801 0.925529 8.068218
2.862698 2.118821 4.440527
3.685375 4.343680 -7.971119
-2.210502 6.553182 3.726597
8.600789 1.465380 -3.193479
4.233949 -3.094949 7.584588
-1.979261 1.892986 5.584216
0.372098 -4.566480 -8.320121
-5.030497 -4.116622 3.923820
1.998396 4.797834 -7.523408
-4.065711 -6.237892 -2.183542
1.803144 5.405316 -6.529310
2.443687 1.769742 -1.892450
-3.648879 -6.169604 0.978689
-3.068361 -4.144189 -4.435947
1.674416 -2.628538 7.354739
1.311570 5.528799 -4.475269
2.186253 -2.853429 2.011036
2.715013 6.141521 -7.401340
-4.253183 -1.911049 -3.146695
-6.354421 -4.591500 -2.226350
-7.064896 2.713321 -3.310404
4.561153 1.145399 1.087657
-3.198345 0.218033 -4.925260
-2.041838 -2.892491 6.073113
6.957134 -1.660602 0.121722
-3.405907 -3.418028 -7.141047
0.135991 1.652970 -7.190345
-3.716233 -5.746066 -0.318507
2.329640 -2.952181 5.371670
-1.427577 -4.515060 -7.264791
-0.350408 -6.804124 6.387249
2.606182 4.604710 1.923740
-1.299969 8.287230 -2.224110
1.486963 3.416075 7.330022
-3.082577 -0.432956 -5.179105
5.668796 -0.701348 -4.447252
-0.541407 9.571150 1.049482
3.014693 1.050692 7.691677
-5.514774 6.374055 -1.709142
4.352689 8.086710 -1.522584
8.370029 -3.082220 3.382569
-1.260142 -0.067674 -7.408992
6.940583 1.961375 2.327676
-1.516757 6.624600 -6.617855
1.126964 6.098309 2.405437
5.796522 2.503042 4.191865
7.767531 -1.962989 4.972448
-8.944438 -0.428085 1.398875
0.868713 -9.159897 3.118583
-3.460051 3.424459 -0.274610
-3.274344 -1.085051 -5.316550
-5.699583 -7.986812 -1.414330
-9.727445 1.040289 0.653697
-6.003024 -3.239293 -4.442316
-2.954232 5.784647 0.625031
-1.967814 6.809973 6.862719
5.525703 1.834163 -7.483780
3.901383 7.046088 -0.911929
0.266676 -4.605893 -8.533064
-6.605877 5.014972 4.528628
3.975500 -4.309350 4.361043
-3.853196 6.324146 0.851898
1.600100 0.015210 -1.433073
1.001357 0.159763 -2.401900
-8.206287 -0.424101 -0.256104
7.312485 -0.827346 4.865933
-0.785670 8.482318 -4.094635
1.036792 8.293969 -0.765915
7.213848 5.489409 -1.025027
-0.712913 6.943064 3.527337
-5.822719 1.013693 2.576657
2.978245 -0.131887 3.008030
-3.050379 8.177531 4.875719
-4.835457 -4.891056 -6.624915
-0.991953 8.239175 4.314940
-8.996726 0.956168 3.686757
8.516955 2.766196 1.329690
-1.985836 0.120855 5.722746
1.524629 9.202393 -2.320376
-7.024380 -1.807163 -5.002582
-6.622651 4.335949 -2.855680
1.846817 5.640084 7.944908
1.514115 8.015245 -2.474088
-2.649821 2.696588 3.368903
3.937141 5.580992 3.421798
-0.680962 0.649272 1.852637
-0.675475 -1.029455 -7.891068
-0.754316 0.766872 2.666686
-5.851502 5.594301 3.054642
4.073564 -3.617577 1.422779
-2.539772 -2.081153 3.631468
3.559114 1.768626 2.161759
2.681088 5.839455 3.768482
-3.947502 -4.761883 3.609103
-4.725161 -4.195542 7.530335
1.996069 0.902174 4.222157
-5.442590 3.316360 3.576936
3.578585 -2.250383 8.868398
-6.417834 4.335872 -2.147429
-1.314547 -6.121779 1.131030
-2.019000 5.074352 -4.992909
6.278077 -0.933446 0.807744
7.246871 -3.090233 -0.429903
1.817615 0.650310 7.544692
3.986503 -2.268873 -3.555897
0.450409 -1.895549 7.326780
5.079640 5.774060 4.316941
2.200418 1.292320 3.107986
-2.777738 -4.550821 6.583311
7.141179 -2.342541 -4.803129
-0.275487 -9.646609 2.242251
-2.047416 9.008499 -2.432481
-5.136059 -6.792945 4.055046
-2.416125 -8.376880 2.736286
3.307839 5.675591 -4.432367
5.401135 -6.410291 2.239017
-4.238386 -2.126539 2.557407
-8.037794 0.041595 4.535694
7.341154 -6.272747 -0.584163
1.644128 -0.878571 -6.373741
-6.178813 0.110388 -6.476342
0.904504 -0.024613 -1.878610
7.124569 -0.910465 6.803413
-6.362570 -1.781734 -1.239470
1.975664 6.116120 -5.340366
3.249973 -4.600281 2.355139
-7.720183 0.870983 -1.087034
-1.893253 8.092328 0.356203
4.958685 -0.577926 -6.802103
6.764330 -5.184572 1.436272
1.864962 -4.184927 -3.142117
4.328217 0.823028 -0.865634
-5.412109 -8.062259 -0.453753
2.120454 6.130117 0.675684
-6.980340 1.911289 5.266874
4.611036 -3.722393 -5.362628
5.782241 -5.026870 2.524382
1.134186 -7.123490 -2.813575
8.212079 1.532666 2.434256
-6.404627 7.319062 -1.069788
-4.325744 3.546178 -2.944957
-1.371851 -1.565699 9.633411
0.170229 -2.452702 2.954636
1.238820 2.774982 -0.030322
-1.439300 1.421596 9.288364
-1.936245 7.871601 0.553177
-0.471666 9.850495 -1.133390
3.034489 -5.176256 -3.344152
-2.871907 1.763524 4.164493
-2.360734 5.528606 -2.263012
4.590316 -3.552472 6.913405
-0.184166 7.557168 -5.181257
1.796196 -1.626279 -0.424034
-2.486322 2.771836 -7.867644
3.677250 1.030496 0.423979
3.876542 7.356288 -0.638314
-7.714821 1.841627 3.285282
-3.818294 5.937080 -6.651190
4.854285 -8.081485 -0.620085
7.235113 -6.237974 1.146530
-5.327699 1.668997 -2.347443
0.572840 0.465536 -2.383851
-2.380884 -7.155731 -5.114089
1.346296 0.964879 -0.461624
1.186000 4.503110 2.054318
-2.316147 5.034005 1.270339
5.530463 7.353124 -1.788154
3.616791 5.549382 -0.511379
-1.986265 -0.192483 -1.237748
-9.668529 0.988926 -1.240153
6.239201 -0.524787 1.510616
3.450070 3.042435 -2.935780
-3.953959 0.983470 -7.247891
0.614462 -1.580247 -5.736096
7.890192 3.111318 3.372053
2.241878 2.745400 0.053139
-6.649836 2.582846 5.879669
1.335181 8.047820 -0.404481
-3.616993 -0.263348 -8.017389
-3.628301 0.385714 8.356540
-4.331114 0.590807 -3.340103
3.578787 -3.035526 3.205458
1.666528 3.610544 -8.020045
-4.552733 4.771427 -6.295363
5.702392 -1.252632 -2.386762
-5.246882 -3.004575 -5.166904
3.227282 -2.353162 1.720002
-3.536774 4.724712 -5.813924
-6.064506 -6.041646 3.812605
-3.542839 3.918667 -6.657205
-5.501177 2.098593 -2.813169
4.707317 -4.052544 -6.080076
3.720462 4.755463 2.632753
6.141643 4.464771 -4.393595
-6.046812 -0.735022 -7.456713
2.267565 1.030237 5.809199
-2.734101 7.124847 -1.352661
2.173913 5.221845 -2.074783
9.094107 -1.543878 -3.520795
-1.121338 1.576648 -9.113145
1.087675 -9.117785 0.922915
-7.552840 -1.432405 -1.037199
3.242913 0.238042 2.703655
1.277216 7.492497 -5.750347
0.325460 0.242884 -5.760389
-2.955786 -8.860545 2.413372
5.564906 7.375456 -3.011974
-5.039860 -2.283555 -7.143356
4.321699 -3.290023 7.292821
-2.675790 -2.771729 -3.835586
-1.466954 1.654202 -8.559253
-3.628501 -6.487027 2.871374
7.725931 -4.396541 -4.315070
-3.516679 4.348373 -2.196471
4.880509 -3.231702 -5.949458
-3.926436 -4.198500 6.595426
-3.070570 -3.187173 5.079486
-5.368611 5.783024 -3.729734
-1.846552 -8.324625 -4.788137
-0.799238 -5.967664 -0.777661
-7.584109 -0.004000 1.422673
3.027828 0.356734 2.854754
4.650666 1.152545 5.559338
1.721008 -3.912589 -7.089547
3.318727 -1.338084 2.489582
2.876270 3.840604 2.696826
-8.075238 1.757643 -2.001026
-4.348735 2.041594 -5.775341
8.051286 -3.719918 -3.484422
-8.964243 -3.322340 0.482158
-0.270805 -9.060661 -1.688441
4.078386 -4.952441 -2.939047
-0.206394 -5.786911 3.027931
-8.013661 -3.793508 1.050909
-6.981954 -3.362381 3.503809
3.278425 6.072695 -4.306302
3.255550 -8.876369 0.937028
1.429977 0.542080 8.817934
2.000225 0.247546 -0.497369
0.282644 0.612732 -5.621726
-1.789067 -2.376835 2.645432
8.664117 -1.487143 -1.350387
4.272696 3.302569 1.895141
4.479405 1.171513 -4.029527
-2.886071 -3.968102 5.521865
1.055928 -8.026857 -5.049533
0.072484 -5.372900 1.738326
1.728916 3.532637 7.332416
7.969887 -1.695923 -1.472821
0.982014 1.233770 5.243371
-0.776863 -4.966790 2.757946
-5.884727 -4.350547 0.219726
3.385582 -8.323203 -0.250215
2.060955 8.518536 -3.663460
-3.075794 1.817131 5.606523
5.039566 -3.600054 0.457457
1.348343 2.692823 7.192312
-3.185420 7.358243 2.423102
-5.620109 -6.548317 4.020661
1.289551 2.405378 -8.576517
-6.130535 -2.846410 3.051278
2.228692 3.051281 -4.406950
-3.859487 -6.421386 5.809606
3.511334 -4.290445 5.152707
-3.904856 4.207310 5.512351
6.693228 -1.962190 -3.089254
-0.764326 -5.797699 -4.016720
-0.312439 -6.708073 -6.081367
3.390928 4.831766 2.037916
0.550190 -3.302955 4.550947
2.576979 5.286098 -2.274924
-2.787121 7.910803 0.662011
4.002187 0.919065 7.742876
-0.603484 -3.437723 7.636938
3.509554 4.545855 -2.346425
-5.743998 1.236946 -5.362863
-2.285500 0.815285 0.098860
-4.395928 -6.529340 2.246532
-3.011850 -4.456152 -1.060387
5.326773 4.694379 1.794651
5.851351 1.346791 -6.273350
-1.426587 2.503475 -2.761455
-2.336367 0.278567 -4.329084
-1.690532 1.006539 -7.535265
-4.789563 0.827550 -7.254944
6.632336 0.033967 3.424519
2.033130 7.557927 1.965999
0.370485 3.445672 1.286512
6.178257 -0.532881 -5.008006
-2.898721 4.896339 0.568678
0.972865 -2.647174 -1.997160
2.503124 4.409128 2.682494
-2.388929 -5.415120 5.202110
2.409664 4.922351 -2.756090
8.951041 2.125406 -3.205703
4.225290 -3.684840 -2.165392
-5.133630 3.280820 -5.669850
2.116190 -2.022865 -0.921671
3.406940 1.798462 6.576193
7.199746 -1.843762 1.741622
-5.241787 6.050757 -1.658680
0.934241 -0.047910 -3.833360
8.290338 -1.749181 -4.617706
2.968482 4.257849 6.699148
-0.438091 -7.292675 -2.967088
8.689750 1.078802 0.589932
-2.414019 0.196385 -4.684716
-4.303768 -1.896376 -3.041604
-0.764260 3.522608 9.209868
-3.445910 -1.590872 0.283692
-0.742208 -1.704677 -8.568875
3.845532 -6.437082 -3.402776
-3.029409 -0.677107 -8.113378
0.139092 -2.434317 -5.095295
5.258393 -0.247476 4.804651
3.889392 4.545656 -5.484261
9.465932 2.117462 -1.575670
-2.207434 -2.746861 4.413967
6.432529 -6.629993 -3.276059
-1.354848 4.556821 -2.969525
-5.560090 -2.693533 -3.898609
-4.489521 4.149584 7.019436
-1.178994 3.320325 2.392400
-5.787619 -1.060580 -7.914739
-3.149494 2.963865 -5.603980
3.698591 0.825999 1.028895
2.534150 6.115647 -7.236080
-7.290322 -4.271577 -2.153676
6.619594 -5.032190 -1.846652
5.590262 2.814717 -6.624343
6.319138 0.313910 0.361199
3.494376 0.671557 -6.430971
3.361468 -6.505988 3.839501
-0.338954 -5.730540 -7.468117
5.839929 -2.977477 2.317615
1.648965 0.984120 -3.257879
-0.529145 -0.124050 -2.746775
-3.306366 5.780674 2.925047
-6.928752 -3.826825 0.312589
3.193596 7.304937 -1.179240
-5.214023 -4.098033 -2.174404
-6.578919 3.416526 -0.706727
7.298082 -5.567311 -1.250274
2.806609 5.166986 -0.369340
-1.192601 -7.842168 1.897268
-2.746860 -2.820850 4.472646
0.720812 -5.872446 1.379598
5.690947 -7.473490 1.479105
7.957554 1.570822 4.026888
2.608045 7.891824 -1.415110
1.769552 -5.603738 4.811585
7.931439 -2.678781 0.211575
3.118045 3.488051 3.031761
2.152385 -7.319242 2.498029
-6.085928 1.385587 4.241887
-0.501078 -2.630415 3.320613
-1.796721 4.125627 -0.403675
5.992086 -4.771456 1.596192
0.220297 -7.811685 0.764076
6.292567 -7.479672 0.491244
-3.693861 -4.333004 7.647862
-2.337471 0.805195 -3.930384
8.192732 -2.587458 4.605688
5.729428 -1.520486 2.032352
-5.153995 7.851469 -2.057494
0.959288 -1.949695 -1.040639
4.699235 8.378728 0.517686
0.085899 -6.208018 -5.326322
0.030676 7.864870 2.426886
6.490266 3.515358 -2.583205
-9.222191 -0.220332 -3.034045
3.925946 -6.527018 6.412726
3.446634 2.873223 -0.659863
-0.933258 -0.805517 -7.534118
